2 1 0.513779
3 1 0.490738
4 1 0.972198
5 1 0.928892
6 1 0.441115
7 1 0.501267
8 1 0.799249
9 1 0.162786
11 1 0.721122
12 1 0.335093
13 1 0.418897
14 1 0.512711
18 1 0.328013
20 1 0.694906
22 1 0.346629
32 1 0.0615558
34 10 0.624714
34 14 0.156652
33 15 0.36082
34 15 0.455184
33 16 0.230903
34 16 0.68984
33 19 0.56737
34 19 0.83343
3 2 0.854396
4 2 0.288736
8 2 0.130222
14 2 0.763543
18 2 0.116306
20 2 0.621662
22 2 0.949309
31 2 0.331431
34 20 0.901883
33 21 0.103732
34 21 0.066744
33 23 0.0477004
34 23 0.267739
26 24 0.299875
28 24 0.0832545
30 24 0.724174
33 24 0.437239
34 24 0.0640889
26 25 0.365154
28 25 0.977325
32 25 0.914731
32 26 0.321299
30 27 0.323618
34 27 0.515244
34 28 0.250313
32 29 0.898007
34 29 0.54796
4 3 0.863674
8 3 0.486496
9 3 0.308115
10 3 0.0730308
14 3 0.687918
28 3 0.817133
29 3 0.900143
33 3 0.563128
33 30 0.366832
34 30 0.491104
33 31 0.271493
34 31 0.692862
33 32 0.97467
34 32 0.491134
34 33 0.357463
8 4 0.506668
13 4 0.327677
14 4 0.0191961
7 5 0.0994903
11 5 0.0381481
7 6 0.251473
11 6 0.319926
17 6 0.100131
17 7 0.970336
31 9 0.724967
33 9 0.873074
34 9 0.17066
